  0.0000000e+000 -2.1155775e-001
  1.0000000e-002 -1.7485406e-001
  2.0000000e-002 -1.3798607e-001
  3.0000000e-002 -1.0095306e-001
  4.0000000e-002 -6.3754256e-002
  5.0000000e-002 -2.6388915e-002
  6.0000000e-002  1.1143680e-002
  7.0000000e-002  4.8844275e-002
  8.0000000e-002  8.6713636e-002
  9.0000000e-002  1.2475253e-001
  1.0000000e-001  1.6296172e-001
  1.1000000e-001  2.0134194e-001
  1.2000000e-001  2.3989394e-001
  1.3000000e-001  2.7861852e-001
  1.4000000e-001  3.1751645e-001
  1.5000000e-001  3.5658850e-001
  1.6000000e-001  3.9583542e-001
  1.7000000e-001  4.3525800e-001
  1.8000000e-001  4.7485702e-001
  1.9000000e-001  5.1463331e-001
  2.0000000e-001  5.5458760e-001
  2.1000000e-001  5.9472068e-001
  2.2000000e-001  6.3503336e-001
  2.3000000e-001  6.7552646e-001
  2.4000000e-001  7.1620077e-001
  2.5000000e-001  7.5705706e-001
  2.6000000e-001  7.9809615e-001
  2.7000000e-001  8.3931885e-001
  2.8000000e-001  8.8072599e-001
  2.9000000e-001  9.2231839e-001
  3.0000000e-001  9.6409682e-001
  3.1000000e-001  1.0060621e+000
  3.2000000e-001  1.0482151e+000
  3.3000000e-001  1.0905567e+000
  3.4000000e-001  1.1330876e+000
  3.5000000e-001  1.1758087e+000
  3.6000000e-001  1.2187208e+000
  3.7000000e-001  1.2618248e+000
  3.8000000e-001  1.3051215e+000
  3.9000000e-001  1.3486118e+000
  4.0000000e-001  1.3922964e+000
  4.1000000e-001  1.4361762e+000
  4.2000000e-001  1.4802521e+000
  4.3000000e-001  1.5245250e+000
  4.4000000e-001  1.5689956e+000
  4.5000000e-001  1.6136648e+000
  4.6000000e-001  1.6585335e+000
  4.7000000e-001  1.7036026e+000
  4.8000000e-001  1.7488728e+000
  4.9000000e-001  1.7943450e+000
  5.0000000e-001  1.8400202e+000
  5.1000000e-001  1.8858991e+000
  5.2000000e-001  1.9319827e+000
  5.3000000e-001  1.9782718e+000
  5.4000000e-001  2.0247672e+000
  5.5000000e-001  2.0714698e+000
  5.6000000e-001  2.1183805e+000
  5.7000000e-001  2.1655003e+000
  5.8000000e-001  2.2128299e+000
  5.9000000e-001  2.2603702e+000
  6.0000000e-001  2.3081220e+000
  6.1000000e-001  2.3560864e+000
  6.2000000e-001  2.4042642e+000
  6.3000000e-001  2.4526562e+000
  6.4000000e-001  2.5012632e+000
  6.5000000e-001  2.5500863e+000
  6.6000000e-001  2.5991263e+000
  6.7000000e-001  2.6483841e+000
  6.8000000e-001  2.6978606e+000
  6.9000000e-001  2.7475565e+000
  7.0000000e-001  2.7974730e+000
  7.1000000e-001  2.8476108e+000
  7.2000000e-001  2.8979707e+000
  7.3000000e-001  2.9485538e+000
  7.4000000e-001  2.9993608e+000
  7.5000000e-001  3.0503927e+000
  7.6000000e-001  3.1016504e+000
  7.7000000e-001  3.1531347e+000
  7.8000000e-001  3.2048465e+000
  7.9000000e-001  3.2567867e+000
  8.0000000e-001  3.3089562e+000
  8.1000000e-001  3.3613559e+000
  8.2000000e-001  3.4139865e+000
  8.3000000e-001  3.4668491e+000
  8.4000000e-001  3.5199445e+000
  8.5000000e-001  3.5732736e+000
  8.6000000e-001  3.6268372e+000
  8.7000000e-001  3.6806362e+000
  8.8000000e-001  3.7346716e+000
  8.9000000e-001  3.7889441e+000
  9.0000000e-001  3.8434547e+000
  9.1000000e-001  3.8982041e+000
  9.2000000e-001  3.9531933e+000
  9.3000000e-001  4.0084232e+000
  9.4000000e-001  4.0638946e+000
  9.5000000e-001  4.1196084e+000
  9.6000000e-001  4.1755654e+000
  9.7000000e-001  4.2317665e+000
  9.8000000e-001  4.2882125e+000
  9.9000000e-001  4.3449044e+000
  1.0000000e+000  4.4018429e+000
  1.0100000e+000  4.4590290e+000
  1.0200000e+000  4.5164633e+000
  1.0300000e+000  4.5741469e+000
  1.0400000e+000  4.6320806e+000
  1.0500000e+000  4.6902651e+000
  1.0600000e+000  4.7487012e+000
  1.0700000e+000  4.8073899e+000
  1.0800000e+000  4.8663319e+000
  1.0900000e+000  4.9255280e+000
  1.1000000e+000  4.9849791e+000
  1.1100000e+000  5.0446859e+000
  1.1200000e+000  5.1046493e+000
  1.1300000e+000  5.1648700e+000
  1.1400000e+000  5.2253489e+000
  1.1500000e+000  5.2860866e+000
  1.1600000e+000  5.3470840e+000
  1.1700000e+000  5.4083418e+000
  1.1800000e+000  5.4698609e+000
  1.1900000e+000  5.5316419e+000
  1.2000000e+000  5.5936856e+000
  1.2100000e+000  5.6559928e+000
  1.2200000e+000  5.7185642e+000
  1.2300000e+000  5.7814005e+000
  1.2400000e+000  5.8445025e+000
  1.2500000e+000  5.9078708e+000
  1.2600000e+000  5.9715061e+000
  1.2700000e+000  6.0354093e+000
  1.2800000e+000  6.0995810e+000
  1.2900000e+000  6.1640218e+000
  1.3000000e+000  6.2287324e+000
  1.3100000e+000  6.2937136e+000
  1.3200000e+000  6.3589660e+000
  1.3300000e+000  6.4244902e+000
  1.3400000e+000  6.4902869e+000
  1.3500000e+000  6.5563567e+000
  1.3600000e+000  6.6227003e+000
  1.3700000e+000  6.6893184e+000
  1.3800000e+000  6.7562114e+000
  1.3900000e+000  6.8233801e+000
  1.4000000e+000  6.8908249e+000
  1.4100000e+000  6.9585467e+000
  1.4200000e+000  7.0265459e+000
  1.4300000e+000  7.0948230e+000
  1.4400000e+000  7.1633787e+000
  1.4500000e+000  7.2322135e+000
  1.4600000e+000  7.3013281e+000
  1.4700000e+000  7.3707229e+000
  1.4800000e+000  7.4403983e+000
  1.4900000e+000  7.5103550e+000
  1.5000000e+000  7.5805935e+000
  1.5100000e+000  7.6511144e+000
  1.5200000e+000  7.7219180e+000
  1.5300000e+000  7.7930048e+000
  1.5400000e+000  7.8643753e+000
  1.5500000e+000  7.9360301e+000
  1.5600000e+000  8.0079696e+000
  1.5700000e+000  8.0801941e+000
  1.5800000e+000  8.1527041e+000
  1.5900000e+000  8.2255000e+000
  1.6000000e+000  8.2985824e+000
  1.6100000e+000  8.3719515e+000
  1.6200000e+000  8.4456076e+000
  1.6300000e+000  8.5195513e+000
  1.6400000e+000  8.5937828e+000
  1.6500000e+000  8.6683026e+000
  1.6600000e+000  8.7431110e+000
  1.6700000e+000  8.8182082e+000
  1.6800000e+000  8.8935946e+000
  1.6900000e+000  8.9692706e+000
  1.7000000e+000  9.0452365e+000
  1.7100000e+000  9.1214924e+000
  1.7200000e+000  9.1980387e+000
  1.7300000e+000  9.2748756e+000
  1.7400000e+000  9.3520035e+000
  1.7500000e+000  9.4294226e+000
  1.7600000e+000  9.5071331e+000
  1.7700000e+000  9.5851351e+000
  1.7800000e+000  9.6634290e+000
  1.7900000e+000  9.7420149e+000
  1.8000000e+000  9.8208931e+000
  1.8100000e+000  9.9000635e+000
  1.8200000e+000  9.9795265e+000
  1.8300000e+000  1.0059282e+001
  1.8400000e+000  1.0139331e+001
  1.8500000e+000  1.0219672e+001
  1.8600000e+000  1.0300307e+001
  1.8700000e+000  1.0381235e+001
  1.8800000e+000  1.0462455e+001
  1.8900000e+000  1.0543970e+001
  1.9000000e+000  1.0625777e+001
  1.9100000e+000  1.0707878e+001
  1.9200000e+000  1.0790273e+001
  1.9300000e+000  1.0872961e+001
  1.9400000e+000  1.0955942e+001
  1.9500000e+000  1.1039217e+001
  1.9600000e+000  1.1122786e+001
  1.9700000e+000  1.1206647e+001
  1.9800000e+000  1.1290802e+001
  1.9900000e+000  1.1375251e+001
  2.0000000e+000  1.1459992e+001
  2.0100000e+000  1.1545027e+001
  2.0200000e+000  1.1630355e+001
  2.0300000e+000  1.1715976e+001
  2.0400000e+000  1.1801889e+001
  2.0500000e+000  1.1888095e+001
  2.0600000e+000  1.1974594e+001
  2.0700000e+000  1.2061385e+001
  2.0800000e+000  1.2148468e+001
  2.0900000e+000  1.2235843e+001
  2.1000000e+000  1.2323510e+001
  2.1100000e+000  1.2411468e+001
  2.1200000e+000  1.2499718e+001
  2.1300000e+000  1.2588259e+001
  2.1400000e+000  1.2677091e+001
  2.1500000e+000  1.2766213e+001
  2.1600000e+000  1.2855625e+001
  2.1700000e+000  1.2945328e+001
  2.1800000e+000  1.3035320e+001
  2.1900000e+000  1.3125601e+001
  2.2000000e+000  1.3216171e+001
  2.2100000e+000  1.3307030e+001
  2.2200000e+000  1.3398177e+001
  2.2300000e+000  1.3489612e+001
  2.2400000e+000  1.3581334e+001
  2.2500000e+000  1.3673343e+001
  2.2600000e+000  1.3765639e+001
  2.2700000e+000  1.3858221e+001
  2.2800000e+000  1.3951089e+001
  2.2900000e+000  1.4044241e+001
  2.3000000e+000  1.4137679e+001
  2.3100000e+000  1.4231401e+001
  2.3200000e+000  1.4325406e+001
  2.3300000e+000  1.4419694e+001
  2.3400000e+000  1.4514265e+001
  2.3500000e+000  1.4609119e+001
  2.3600000e+000  1.4704253e+001
  2.3700000e+000  1.4799669e+001
  2.3800000e+000  1.4895364e+001
  2.3900000e+000  1.4991340e+001
  2.4000000e+000  1.5087594e+001
  2.4100000e+000  1.5184127e+001
  2.4200000e+000  1.5280938e+001
  2.4300000e+000  1.5378025e+001
  2.4400000e+000  1.5475389e+001
  2.4500000e+000  1.5573029e+001
  2.4600000e+000  1.5670944e+001
  2.4700000e+000  1.5769133e+001
  2.4800000e+000  1.5867596e+001
  2.4900000e+000  1.5966331e+001
  2.5000000e+000  1.6065339e+001
  2.5100000e+000  1.6164618e+001
  2.5200000e+000  1.6264167e+001
  2.5300000e+000  1.6363986e+001
  2.5400000e+000  1.6464074e+001
  2.5500000e+000  1.6564430e+001
  2.5600000e+000  1.6665053e+001
  2.5700000e+000  1.6765942e+001
  2.5800000e+000  1.6867097e+001
  2.5900000e+000  1.6968516e+001
  2.6000000e+000  1.7070199e+001
  2.6100000e+000  1.7172145e+001
  2.6200000e+000  1.7274352e+001
  2.6300000e+000  1.7376821e+001
  2.6400000e+000  1.7479549e+001
  2.6500000e+000  1.7582536e+001
  2.6600000e+000  1.7685781e+001
  2.6700000e+000  1.7789284e+001
  2.6800000e+000  1.7893042e+001
  2.6900000e+000  1.7997055e+001
  2.7000000e+000  1.8101322e+001
  2.7100000e+000  1.8205842e+001
  2.7200000e+000  1.8310614e+001
  2.7300000e+000  1.8415637e+001
  2.7400000e+000  1.8520910e+001
  2.7500000e+000  1.8626431e+001
  2.7600000e+000  1.8732200e+001
  2.7700000e+000  1.8838215e+001
  2.7800000e+000  1.8944476e+001
  2.7900000e+000  1.9050981e+001
  2.8000000e+000  1.9157729e+001
  2.8100000e+000  1.9264718e+001
  2.8200000e+000  1.9371949e+001
  2.8300000e+000  1.9479420e+001
  2.8400000e+000  1.9587128e+001
  2.8500000e+000  1.9695074e+001
  2.8600000e+000  1.9803256e+001
  2.8700000e+000  1.9911673e+001
  2.8800000e+000  2.0020324e+001
  2.8900000e+000  2.0129207e+001
  2.9000000e+000  2.0238320e+001
  2.9100000e+000  2.0347664e+001
  2.9200000e+000  2.0457236e+001
  2.9300000e+000  2.0567036e+001
  2.9400000e+000  2.0677062e+001
  2.9500000e+000  2.0787312e+001
  2.9600000e+000  2.0897786e+001
  2.9700000e+000  2.1008481e+001
  2.9800000e+000  2.1119398e+001
  2.9900000e+000  2.1230534e+001
  3.0000000e+000  2.1341888e+001
  3.0100000e+000  2.1453458e+001
  3.0200000e+000  2.1565244e+001
  3.0300000e+000  2.1677244e+001
  3.0400000e+000  2.1789457e+001
  3.0500000e+000  2.1901880e+001
  3.0600000e+000  2.2014514e+001
  3.0700000e+000  2.2127356e+001
  3.0800000e+000  2.2240405e+001
  3.0900000e+000  2.2353660e+001
  3.1000000e+000  2.2467118e+001
  3.1100000e+000  2.2580780e+001
  3.1200000e+000  2.2694643e+001
  3.1300000e+000  2.2808706e+001
  3.1400000e+000  2.2922967e+001
  3.1500000e+000  2.3037425e+001
  3.1600000e+000  2.3152079e+001
  3.1700000e+000  2.3266927e+001
  3.1800000e+000  2.3381967e+001
  3.1900000e+000  2.3497199e+001
  3.2000000e+000  2.3612620e+001
  3.2100000e+000  2.3728229e+001
  3.2200000e+000  2.3844025e+001
  3.2300000e+000  2.3960006e+001
  3.2400000e+000  2.4076170e+001
  3.2500000e+000  2.4192517e+001
  3.2600000e+000  2.4309044e+001
  3.2700000e+000  2.4425750e+001
  3.2800000e+000  2.4542633e+001
  3.2900000e+000  2.4659692e+001
  3.3000000e+000  2.4776926e+001
  3.3100000e+000  2.4894333e+001
  3.3200000e+000  2.5011910e+001
  3.3300000e+000  2.5129658e+001
  3.3400000e+000  2.5247573e+001
  3.3500000e+000  2.5365655e+001
  3.3600000e+000  2.5483902e+001
  3.3700000e+000  2.5602312e+001
  3.3800000e+000  2.5720884e+001
  3.3900000e+000  2.5839616e+001
  3.4000000e+000  2.5958506e+001
  3.4100000e+000  2.6077554e+001
  3.4200000e+000  2.6196756e+001
  3.4300000e+000  2.6316113e+001
  3.4400000e+000  2.6435621e+001
  3.4500000e+000  2.6555280e+001
  3.4600000e+000  2.6675088e+001
  3.4700000e+000  2.6795042e+001
  3.4800000e+000  2.6915143e+001
  3.4900000e+000  2.7035387e+001
  3.5000000e+000  2.7155773e+001
  3.5100000e+000  2.7276300e+001
  3.5200000e+000  2.7396965e+001
  3.5300000e+000  2.7517768e+001
  3.5400000e+000  2.7638707e+001
  3.5500000e+000  2.7759779e+001
  3.5600000e+000  2.7880984e+001
  3.5700000e+000  2.8002319e+001
  3.5800000e+000  2.8123783e+001
  3.5900000e+000  2.8245374e+001
  3.6000000e+000  2.8367091e+001
  3.6100000e+000  2.8488931e+001
  3.6200000e+000  2.8610893e+001
  3.6300000e+000  2.8732976e+001
  3.6400000e+000  2.8855178e+001
  3.6500000e+000  2.8977496e+001
  3.6600000e+000  2.9099930e+001
  3.6700000e+000  2.9222477e+001
  3.6800000e+000  2.9345136e+001
  3.6900000e+000  2.9467905e+001
  3.7000000e+000  2.9590783e+001
  3.7100000e+000  2.9713767e+001
  3.7200000e+000  2.9836856e+001
  3.7300000e+000  2.9960048e+001
  3.7400000e+000  3.0083342e+001
  3.7500000e+000  3.0206736e+001
  3.7600000e+000  3.0330227e+001
  3.7700000e+000  3.0453816e+001
  3.7800000e+000  3.0577498e+001
  3.7900000e+000  3.0701273e+001
  3.8000000e+000  3.0825140e+001
  3.8100000e+000  3.0949095e+001
  3.8200000e+000  3.1073139e+001
  3.8300000e+000  3.1197268e+001
  3.8400000e+000  3.1321481e+001
  3.8500000e+000  3.1445777e+001
  3.8600000e+000  3.1570153e+001
  3.8700000e+000  3.1694608e+001
  3.8800000e+000  3.1819140e+001
  3.8900000e+000  3.1943747e+001
  3.9000000e+000  3.2068428e+001
  3.9100000e+000  3.2193181e+001
  3.9200000e+000  3.2318003e+001
  3.9300000e+000  3.2442894e+001
  3.9400000e+000  3.2567852e+001
  3.9500000e+000  3.2692874e+001
  3.9600000e+000  3.2817960e+001
  3.9700000e+000  3.2943106e+001
  3.9800000e+000  3.3068313e+001
  3.9900000e+000  3.3193576e+001
  4.0000000e+000  3.3318896e+001
  4.0100000e+000  3.3444270e+001
  4.0200000e+000  3.3569697e+001
  4.0300000e+000  3.3695174e+001
  4.0400000e+000  3.3820700e+001
  4.0500000e+000  3.3946273e+001
  4.0600000e+000  3.4071892e+001
  4.0700000e+000  3.4197554e+001
  4.0800000e+000  3.4323259e+001
  4.0900000e+000  3.4449003e+001
  4.1000000e+000  3.4574786e+001
  4.1100000e+000  3.4700605e+001
  4.1200000e+000  3.4826459e+001
  4.1300000e+000  3.4952346e+001
  4.1400000e+000  3.5078265e+001
  4.1500000e+000  3.5204213e+001
  4.1600000e+000  3.5330190e+001
  4.1700000e+000  3.5456192e+001
  4.1800000e+000  3.5582218e+001
  4.1900000e+000  3.5708267e+001
  4.2000000e+000  3.5834338e+001
  4.2100000e+000  3.5960427e+001
  4.2200000e+000  3.6086533e+001
  4.2300000e+000  3.6212655e+001
  4.2400000e+000  3.6338791e+001
  4.2500000e+000  3.6464939e+001
  4.2600000e+000  3.6591098e+001
  4.2700000e+000  3.6717265e+001
  4.2800000e+000  3.6843439e+001
  4.2900000e+000  3.6969619e+001
  4.3000000e+000  3.7095803e+001
  4.3100000e+000  3.7221988e+001
  4.3200000e+000  3.7348174e+001
  4.3300000e+000  3.7474359e+001
  4.3400000e+000  3.7600541e+001
  4.3500000e+000  3.7726719e+001
  4.3600000e+000  3.7852890e+001
  4.3700000e+000  3.7979054e+001
  4.3800000e+000  3.8105209e+001
  4.3900000e+000  3.8231353e+001
  4.4000000e+000  3.8357486e+001
  4.4100000e+000  3.8483604e+001
  4.4200000e+000  3.8609707e+001
  4.4300000e+000  3.8735794e+001
  4.4400000e+000  3.8861862e+001
  4.4500000e+000  3.8987911e+001
  4.4600000e+000  3.9113939e+001
  4.4700000e+000  3.9239944e+001
  4.4800000e+000  3.9365926e+001
  4.4900000e+000  3.9491882e+001
  4.5000000e+000  3.9617812e+001
  4.5100000e+000  3.9743713e+001
  4.5200000e+000  3.9869585e+001
  4.5300000e+000  3.9995427e+001
  4.5400000e+000  4.0121236e+001
  4.5500000e+000  4.0247012e+001
  4.5600000e+000  4.0372753e+001
  4.5700000e+000  4.0498458e+001
  4.5800000e+000  4.0624126e+001
  4.5900000e+000  4.0749756e+001
  4.6000000e+000  4.0875346e+001
  4.6100000e+000  4.1000895e+001
  4.6200000e+000  4.1126401e+001
  4.6300000e+000  4.1251865e+001
  4.6400000e+000  4.1377284e+001
  4.6500000e+000  4.1502658e+001
  4.6600000e+000  4.1627986e+001
  4.6700000e+000  4.1753265e+001
  4.6800000e+000  4.1878496e+001
  4.6900000e+000  4.2003677e+001
  4.7000000e+000  4.2128808e+001
  4.7100000e+000  4.2253887e+001
  4.7200000e+000  4.2378913e+001
  4.7300000e+000  4.2503885e+001
  4.7400000e+000  4.2628803e+001
  4.7500000e+000  4.2753666e+001
  4.7600000e+000  4.2878472e+001
  4.7700000e+000  4.3003221e+001
  4.7800000e+000  4.3127912e+001
  4.7900000e+000  4.3252544e+001
  4.8000000e+000  4.3377116e+001
  4.8100000e+000  4.3501628e+001
  4.8200000e+000  4.3626079e+001
  4.8300000e+000  4.3750468e+001
  4.8400000e+000  4.3874794e+001
  4.8500000e+000  4.3999057e+001
  4.8600000e+000  4.4123256e+001
  4.8700000e+000  4.4247390e+001
  4.8800000e+000  4.4371459e+001
  4.8900000e+000  4.4495462e+001
  4.9000000e+000  4.4619399e+001
  4.9100000e+000  4.4743268e+001
  4.9200000e+000  4.4867070e+001
  4.9300000e+000  4.4990804e+001
  4.9400000e+000  4.5114469e+001
  4.9500000e+000  4.5238065e+001
  4.9600000e+000  4.5361591e+001
  4.9700000e+000  4.5485047e+001
  4.9800000e+000  4.5608432e+001
  4.9900000e+000  4.5731746e+001
  5.0000000e+000  4.5854989e+001
  5.0100000e+000  4.5978160e+001
  5.0200000e+000  4.6101258e+001
  5.0300000e+000  4.6224284e+001
  5.0400000e+000  4.6347237e+001
  5.0500000e+000  4.6470117e+001
  5.0600000e+000  4.6592922e+001
  5.0700000e+000  4.6715654e+001
  5.0800000e+000  4.6838312e+001
  5.0900000e+000  4.6960895e+001
  5.1000000e+000  4.7083403e+001
  5.1100000e+000  4.7205836e+001
  5.1200000e+000  4.7328193e+001
  5.1300000e+000  4.7450476e+001
  5.1400000e+000  4.7572682e+001
  5.1500000e+000  4.7694813e+001
  5.1600000e+000  4.7816867e+001
  5.1700000e+000  4.7938846e+001
  5.1800000e+000  4.8060748e+001
  5.1900000e+000  4.8182574e+001
  5.2000000e+000  4.8304323e+001
  5.2100000e+000  4.8425995e+001
  5.2200000e+000  4.8547591e+001
  5.2300000e+000  4.8669110e+001
  5.2400000e+000  4.8790553e+001
  5.2500000e+000  4.8911918e+001
  5.2600000e+000  4.9033207e+001
  5.2700000e+000  4.9154419e+001
  5.2800000e+000  4.9275554e+001
  5.2900000e+000  4.9396613e+001
  5.3000000e+000  4.9517595e+001
  5.3100000e+000  4.9638500e+001
  5.3200000e+000  4.9759329e+001
  5.3300000e+000  4.9880081e+001
  5.3400000e+000  5.0000757e+001
  5.3500000e+000  5.0121357e+001
  5.3600000e+000  5.0241880e+001
  5.3700000e+000  5.0362328e+001
  5.3800000e+000  5.0482700e+001
  5.3900000e+000  5.0602996e+001
  5.4000000e+000  5.0723217e+001
  5.4100000e+000  5.0843363e+001
  5.4200000e+000  5.0963433e+001
  5.4300000e+000  5.1083429e+001
  5.4400000e+000  5.1203351e+001
  5.4500000e+000  5.1323198e+001
  5.4600000e+000  5.1442971e+001
  5.4700000e+000  5.1562670e+001
  5.4800000e+000  5.1682296e+001
  5.4900000e+000  5.1801849e+001
  5.5000000e+000  5.1921329e+001
  5.5100000e+000  5.2040736e+001
  5.5200000e+000  5.2160072e+001
  5.5300000e+000  5.2279336e+001
  5.5400000e+000  5.2398528e+001
  5.5500000e+000  5.2517650e+001
  5.5600000e+000  5.2636700e+001
  5.5700000e+000  5.2755681e+001
  5.5800000e+000  5.2874592e+001
  5.5900000e+000  5.2993433e+001
  5.6000000e+000  5.3112206e+001
  5.6100000e+000  5.3230910e+001
  5.6200000e+000  5.3349546e+001
  5.6300000e+000  5.3468114e+001
  5.6400000e+000  5.3586615e+001
  5.6500000e+000  5.3705049e+001
  5.6600000e+000  5.3823417e+001
  5.6700000e+000  5.3941719e+001
  5.6800000e+000  5.4059955e+001
  5.6900000e+000  5.4178127e+001
  5.7000000e+000  5.4296234e+001
  5.7100000e+000  5.4414277e+001
  5.7200000e+000  5.4532256e+001
  5.7300000e+000  5.4650172e+001
  5.7400000e+000  5.4768026e+001
  5.7500000e+000  5.4885818e+001
  5.7600000e+000  5.5003548e+001
  5.7700000e+000  5.5121217e+001
  5.7800000e+000  5.5238825e+001
  5.7900000e+000  5.5356373e+001
  5.8000000e+000  5.5473862e+001
  5.8100000e+000  5.5591292e+001
  5.8200000e+000  5.5708664e+001
  5.8300000e+000  5.5825977e+001
  5.8400000e+000  5.5943234e+001
  5.8500000e+000  5.6060433e+001
  5.8600000e+000  5.6177576e+001
  5.8700000e+000  5.6294664e+001
  5.8800000e+000  5.6411696e+001
  5.8900000e+000  5.6528674e+001
  5.9000000e+000  5.6645598e+001
  5.9100000e+000  5.6762469e+001
  5.9200000e+000  5.6879287e+001
  5.9300000e+000  5.6996052e+001
  5.9400000e+000  5.7112766e+001
  5.9500000e+000  5.7229429e+001
  5.9600000e+000  5.7346041e+001
  5.9700000e+000  5.7462603e+001
  5.9800000e+000  5.7579116e+001
  5.9900000e+000  5.7695580e+001
  6.0000000e+000  5.7811996e+001
  6.0100000e+000  5.7928365e+001
  6.0200000e+000  5.8044686e+001
  6.0300000e+000  5.8160961e+001
  6.0400000e+000  5.8277190e+001
  6.0500000e+000  5.8393374e+001
  6.0600000e+000  5.8509514e+001
  6.0700000e+000  5.8625609e+001
  6.0800000e+000  5.8741661e+001
  6.0900000e+000  5.8857670e+001
  6.1000000e+000  5.8973636e+001
  6.1100000e+000  5.9089562e+001
  6.1200000e+000  5.9205446e+001
  6.1300000e+000  5.9321289e+001
  6.1400000e+000  5.9437093e+001
  6.1500000e+000  5.9552858e+001
  6.1600000e+000  5.9668584e+001
  6.1700000e+000  5.9784272e+001
  6.1800000e+000  5.9899923e+001
  6.1900000e+000  6.0015537e+001
  6.2000000e+000  6.0131116e+001
  6.2100000e+000  6.0246658e+001
  6.2200000e+000  6.0362166e+001
  6.2300000e+000  6.0477639e+001
  6.2400000e+000  6.0593080e+001
  6.2500000e+000  6.0708487e+001
  6.2600000e+000  6.0823862e+001
  6.2700000e+000  6.0939205e+001
  6.2800000e+000  6.1054518e+001
  6.2900000e+000  6.1169801e+001
  6.3000000e+000  6.1285054e+001
  6.3100000e+000  6.1400278e+001
  6.3200000e+000  6.1515474e+001
  6.3300000e+000  6.1630643e+001
  6.3400000e+000  6.1745785e+001
  6.3500000e+000  6.1860902e+001
  6.3600000e+000  6.1975993e+001
  6.3700000e+000  6.2091060e+001
  6.3800000e+000  6.2206103e+001
  6.3900000e+000  6.2321123e+001
  6.4000000e+000  6.2436122e+001
  6.4100000e+000  6.2551098e+001
  6.4200000e+000  6.2666054e+001
  6.4300000e+000  6.2780991e+001
  6.4400000e+000  6.2895908e+001
  6.4500000e+000  6.3010807e+001
  6.4600000e+000  6.3125689e+001
  6.4700000e+000  6.3240554e+001
  6.4800000e+000  6.3355403e+001
  6.4900000e+000  6.3470237e+001
  6.5000000e+000  6.3585057e+001
  6.5100000e+000  6.3699864e+001
  6.5200000e+000  6.3814658e+001
  6.5300000e+000  6.3929441e+001
  6.5400000e+000  6.4044213e+001
  6.5500000e+000  6.4158975e+001
  6.5600000e+000  6.4273728e+001
  6.5700000e+000  6.4388473e+001
  6.5800000e+000  6.4503210e+001
  6.5900000e+000  6.4617941e+001
  6.6000000e+000  6.4732666e+001
  6.6100000e+000  6.4847387e+001
  6.6200000e+000  6.4962103e+001
  6.6300000e+000  6.5076817e+001
  6.6400000e+000  6.5191529e+001
  6.6500000e+000  6.5306239e+001
  6.6600000e+000  6.5420949e+001
  6.6700000e+000  6.5535659e+001
  6.6800000e+000  6.5650372e+001
  6.6900000e+000  6.5765086e+001
  6.7000000e+000  6.5879804e+001
  6.7100000e+000  6.5994525e+001
  6.7200000e+000  6.6109252e+001
  6.7300000e+000  6.6223985e+001
  6.7400000e+000  6.6338725e+001
  6.7500000e+000  6.6453472e+001
  6.7600000e+000  6.6568229e+001
  6.7700000e+000  6.6682995e+001
  6.7800000e+000  6.6797772e+001
  6.7900000e+000  6.6912560e+001
  6.8000000e+000  6.7027360e+001
  6.8100000e+000  6.7142174e+001
  6.8200000e+000  6.7257003e+001
  6.8300000e+000  6.7371847e+001
  6.8400000e+000  6.7486707e+001
  6.8500000e+000  6.7601584e+001
  6.8600000e+000  6.7716480e+001
  6.8700000e+000  6.7831394e+001
  6.8800000e+000  6.7946329e+001
  6.8900000e+000  6.8061284e+001
  6.9000000e+000  6.8176262e+001
  6.9100000e+000  6.8291262e+001
  6.9200000e+000  6.8406286e+001
  6.9300000e+000  6.8521335e+001
  6.9400000e+000  6.8636409e+001
  6.9500000e+000  6.8751509e+001
  6.9600000e+000  6.8866637e+001
  6.9700000e+000  6.8981794e+001
  6.9800000e+000  6.9096979e+001
  6.9900000e+000  6.9212194e+001
  7.0000000e+000  6.9327440e+001
  7.0100000e+000  6.9442718e+001
  7.0200000e+000  6.9558029e+001
  7.0300000e+000  6.9673373e+001
  7.0400000e+000  6.9788751e+001
  7.0500000e+000  6.9904165e+001
  7.0600000e+000  7.0019614e+001
  7.0700000e+000  7.0135100e+001
  7.0800000e+000  7.0250625e+001
  7.0900000e+000  7.0366187e+001
  7.1000000e+000  7.0481789e+001
  7.1100000e+000  7.0597432e+001
  7.1200000e+000  7.0713115e+001
  7.1300000e+000  7.0828840e+001
  7.1400000e+000  7.0944608e+001
  7.1500000e+000  7.1060419e+001
  7.1600000e+000  7.1176274e+001
  7.1700000e+000  7.1292175e+001
  7.1800000e+000  7.1408121e+001
  7.1900000e+000  7.1524114e+001
  7.2000000e+000  7.1640155e+001
  7.2100000e+000  7.1756243e+001
  7.2200000e+000  7.1872380e+001
  7.2300000e+000  7.1988566e+001
  7.2400000e+000  7.2104802e+001
  7.2500000e+000  7.2221089e+001
  7.2600000e+000  7.2337427e+001
  7.2700000e+000  7.2453817e+001
  7.2800000e+000  7.2570259e+001
  7.2900000e+000  7.2686754e+001
  7.3000000e+000  7.2803302e+001
  7.3100000e+000  7.2919904e+001
  7.3200000e+000  7.3036561e+001
  7.3300000e+000  7.3153272e+001
  7.3400000e+000  7.3270039e+001
  7.3500000e+000  7.3386861e+001
  7.3600000e+000  7.3503739e+001
  7.3700000e+000  7.3620674e+001
  7.3800000e+000  7.3737665e+001
  7.3900000e+000  7.3854713e+001
  7.4000000e+000  7.3971819e+001
  7.4100000e+000  7.4088982e+001
  7.4200000e+000  7.4206203e+001
  7.4300000e+000  7.4323482e+001
  7.4400000e+000  7.4440819e+001
  7.4500000e+000  7.4558215e+001
  7.4600000e+000  7.4675670e+001
  7.4700000e+000  7.4793183e+001
  7.4800000e+000  7.4910755e+001
  7.4900000e+000  7.5028386e+001
  7.5000000e+000  7.5146076e+001
  7.5100000e+000  7.5263825e+001
  7.5200000e+000  7.5381633e+001
  7.5300000e+000  7.5499501e+001
  7.5400000e+000  7.5617427e+001
  7.5500000e+000  7.5735412e+001
  7.5600000e+000  7.5853456e+001
  7.5700000e+000  7.5971559e+001
  7.5800000e+000  7.6089720e+001
  7.5900000e+000  7.6207939e+001
  7.6000000e+000  7.6326216e+001
  7.6100000e+000  7.6444551e+001
  7.6200000e+000  7.6562944e+001
  7.6300000e+000  7.6681394e+001
  7.6400000e+000  7.6799900e+001
  7.6500000e+000  7.6918463e+001
  7.6600000e+000  7.7037081e+001
  7.6700000e+000  7.7155755e+001
  7.6800000e+000  7.7274484e+001
  7.6900000e+000  7.7393268e+001
  7.7000000e+000  7.7512105e+001
  7.7100000e+000  7.7630995e+001
  7.7200000e+000  7.7749939e+001
  7.7300000e+000  7.7868934e+001
  7.7400000e+000  7.7987981e+001
  7.7500000e+000  7.8107078e+001
  7.7600000e+000  7.8226225e+001
  7.7700000e+000  7.8345421e+001
  7.7800000e+000  7.8464665e+001
  7.7900000e+000  7.8583957e+001
  7.8000000e+000  7.8703295e+001
  7.8100000e+000  7.8822679e+001
  7.8200000e+000  7.8942108e+001
  7.8300000e+000  7.9061581e+001
  7.8400000e+000  7.9181096e+001
  7.8500000e+000  7.9300653e+001
  7.8600000e+000  7.9420250e+001
  7.8700000e+000  7.9539887e+001
  7.8800000e+000  7.9659562e+001
  7.8900000e+000  7.9779275e+001
  7.9000000e+000  7.9899023e+001
  7.9100000e+000  8.0018806e+001
  7.9200000e+000  8.0138622e+001
  7.9300000e+000  8.0258470e+001
  7.9400000e+000  8.0378349e+001
  7.9500000e+000  8.0498256e+001
  7.9600000e+000  8.0618192e+001
  7.9700000e+000  8.0738154e+001
  7.9800000e+000  8.0858141e+001
  7.9900000e+000  8.0978150e+001
  8.0000000e+000  8.1098181e+001
  8.0100000e+000  8.1218233e+001
  8.0200000e+000  8.1338302e+001
  8.0300000e+000  8.1458388e+001
  8.0400000e+000  8.1578489e+001
  8.0500000e+000  8.1698603e+001
  8.0600000e+000  8.1818728e+001
  8.0700000e+000  8.1938863e+001
  8.0800000e+000  8.2059005e+001
  8.0900000e+000  8.2179152e+001
  8.1000000e+000  8.2299304e+001
  8.1100000e+000  8.2419457e+001
  8.1200000e+000  8.2539609e+001
  8.1300000e+000  8.2659759e+001
  8.1400000e+000  8.2779905e+001
  8.1500000e+000  8.2900044e+001
  8.1600000e+000  8.3020174e+001
  8.1700000e+000  8.3140293e+001
  8.1800000e+000  8.3260399e+001
  8.1900000e+000  8.3380489e+001
  8.2000000e+000  8.3500562e+001
  8.2100000e+000  8.3620615e+001
  8.2200000e+000  8.3740645e+001
  8.2300000e+000  8.3860650e+001
  8.2400000e+000  8.3980628e+001
  8.2500000e+000  8.4100577e+001
  8.2600000e+000  8.4220493e+001
  8.2700000e+000  8.4340375e+001
  8.2800000e+000  8.4460219e+001
  8.2900000e+000  8.4580025e+001
  8.3000000e+000  8.4699787e+001
  8.3100000e+000  8.4819505e+001
  8.3200000e+000  8.4939175e+001
  8.3300000e+000  8.5058795e+001
  8.3400000e+000  8.5178363e+001
  8.3500000e+000  8.5297874e+001
  8.3600000e+000  8.5417328e+001
  8.3700000e+000  8.5536720e+001
  8.3800000e+000  8.5656048e+001
  8.3900000e+000  8.5775309e+001
  8.4000000e+000  8.5894501e+001
  8.4100000e+000  8.6013620e+001
  8.4200000e+000  8.6132663e+001
  8.4300000e+000  8.6251628e+001
  8.4400000e+000  8.6370512e+001
  8.4500000e+000  8.6489311e+001
  8.4600000e+000  8.6608023e+001
  8.4700000e+000  8.6726645e+001
  8.4800000e+000  8.6845173e+001
  8.4900000e+000  8.6963604e+001
  8.5000000e+000  8.7081936e+001
  8.5100000e+000  8.7200165e+001
  8.5200000e+000  8.7318288e+001
  8.5300000e+000  8.7436302e+001
  8.5400000e+000  8.7554204e+001
  8.5500000e+000  8.7671991e+001
  8.5600000e+000  8.7789660e+001
  8.5700000e+000  8.7907207e+001
  8.5800000e+000  8.8024629e+001
  8.5900000e+000  8.8141924e+001
  8.6000000e+000  8.8259087e+001
  8.6100000e+000  8.8376116e+001
  8.6200000e+000  8.8493008e+001
  8.6300000e+000  8.8609759e+001
  8.6400000e+000  8.8726366e+001
  8.6500000e+000  8.8842825e+001
  8.6600000e+000  8.8959135e+001
  8.6700000e+000  8.9075291e+001
  8.6800000e+000  8.9191290e+001
  8.6900000e+000  8.9307128e+001
  8.7000000e+000  8.9422804e+001
  8.7100000e+000  8.9538313e+001
  8.7200000e+000  8.9653652e+001
  8.7300000e+000  8.9768817e+001
  8.7400000e+000  8.9883806e+001
  8.7500000e+000  8.9998615e+001
  8.7600000e+000  9.0113241e+001
  8.7700000e+000  9.0227681e+001
  8.7800000e+000  9.0341931e+001
  8.7900000e+000  9.0455988e+001
  8.8000000e+000  9.0569849e+001
  8.8100000e+000  9.0683510e+001
  8.8200000e+000  9.0796968e+001
  8.8300000e+000  9.0910221e+001
  8.8400000e+000  9.1023263e+001
  8.8500000e+000  9.1136094e+001
  8.8600000e+000  9.1248709e+001
  8.8700000e+000  9.1361104e+001
  8.8800000e+000  9.1473278e+001
  8.8900000e+000  9.1585226e+001
  8.9000000e+000  9.1696946e+001
  8.9100000e+000  9.1808434e+001
  8.9200000e+000  9.1919688e+001
  8.9300000e+000  9.2030703e+001
  8.9400000e+000  9.2141478e+001
  8.9500000e+000  9.2252009e+001
  8.9600000e+000  9.2362293e+001
  8.9700000e+000  9.2472326e+001
  8.9800000e+000  9.2582106e+001
  8.9900000e+000  9.2691631e+001
  9.0000000e+000  9.2800896e+001
  9.0100000e+000  9.2909899e+001
  9.0200000e+000  9.3018637e+001
  9.0300000e+000  9.3127107e+001
  9.0400000e+000  9.3235306e+001
  9.0500000e+000  9.3343231e+001
  9.0600000e+000  9.3450880e+001
  9.0700000e+000  9.3558249e+001
  9.0800000e+000  9.3665336e+001
  9.0900000e+000  9.3772137e+001
  9.1000000e+000  9.3878651e+001
  9.1100000e+000  9.3984874e+001
  9.1200000e+000  9.4090803e+001
  9.1300000e+000  9.4196436e+001
  9.1400000e+000  9.4301770e+001
  9.1500000e+000  9.4406803e+001
  9.1600000e+000  9.4511531e+001
  9.1700000e+000  9.4615953e+001
  9.1800000e+000  9.4720066e+001
  9.1900000e+000  9.4823867e+001
  9.2000000e+000  9.4927354e+001
  9.2100000e+000  9.5030525e+001
  9.2200000e+000  9.5133376e+001
  9.2300000e+000  9.5235907e+001
  9.2400000e+000  9.5338115e+001
  9.2500000e+000  9.5439996e+001
  9.2600000e+000  9.5541550e+001
  9.2700000e+000  9.5642774e+001
  9.2800000e+000  9.5743665e+001
  9.2900000e+000  9.5844223e+001
  9.3000000e+000  9.5944444e+001
  9.3100000e+000  9.6044327e+001
  9.3200000e+000  9.6143870e+001
  9.3300000e+000  9.6243070e+001
  9.3400000e+000  9.6341927e+001
  9.3500000e+000  9.6440438e+001
  9.3600000e+000  9.6538600e+001
  9.3700000e+000  9.6636414e+001
  9.3800000e+000  9.6733876e+001
  9.3900000e+000  9.6830986e+001
  9.4000000e+000  9.6927741e+001
  9.4100000e+000  9.7024139e+001
  9.4200000e+000  9.7120180e+001
  9.4300000e+000  9.7215862e+001
  9.4400000e+000  9.7311183e+001
  9.4500000e+000  9.7406141e+001
  9.4600000e+000  9.7500736e+001
  9.4700000e+000  9.7594966e+001
  9.4800000e+000  9.7688830e+001
  9.4900000e+000  9.7782326e+001
  9.5000000e+000  9.7875453e+001
  9.5100000e+000  9.7968210e+001
  9.5200000e+000  9.8060596e+001
  9.5300000e+000  9.8152610e+001
  9.5400000e+000  9.8244250e+001
  9.5500000e+000  9.8335516e+001
  9.5600000e+000  9.8426407e+001
  9.5700000e+000  9.8516922e+001
  9.5800000e+000  9.8607060e+001
  9.5900000e+000  9.8696820e+001
  9.6000000e+000  9.8786201e+001
  9.6100000e+000  9.8875203e+001
  9.6200000e+000  9.8963825e+001
  9.6300000e+000  9.9052066e+001
  9.6400000e+000  9.9139926e+001
  9.6500000e+000  9.9227404e+001
  9.6600000e+000  9.9314500e+001
  9.6700000e+000  9.9401213e+001
  9.6800000e+000  9.9487543e+001
  9.6900000e+000  9.9573488e+001
  9.7000000e+000  9.9659050e+001
